4097
4440
7395
-56
264
-6548
-3595
5291
3275
-5593
-1292
5052
-1558
-9166
-3405
2878
-9460
2893
9338
-8872
-8400
-8090
6199
-3034
-4596
-2960
-4149
-6569
6055
-1916
5487
-3373
-1935
-4213
1656
-8368
4966
-157
5095
-7110
-5639
-9818
7910
5089
-2548
6127
8098
-2400
-1501
-2290
2960
-1403
-1913
2468
-8591
8715
4379
5505
8597
-5712
5498
-6840
-927
-2648
-8375
-2470
-8628
-9703
5337
-6528
8845
6324
-2669
-2935
4862
6693
-799
-1234
-4544
-1302
-627
-2700
20
-7296
-1110
7630
7980
7882
-9020
-2194
4907
-7962
-7025
866
1044
2909
7472
-567
3241
7887
-895
1581
5910
8821
2384
183
511
-2351
-6239
8315
4254
7141
5883
4387
-9947
4183
7525
3495
7586
6038
-6110
-2067
-5638
5395
-1378
7303
8301
2291
6135
3028
-911
4634
-9639
-2590
-9894
-7879
-7756
9494
2019
4359
-3196
8814
5054
2242
6324
-5196
9667
-2995
-5993
6529
8620
-4490
7128
-1113
5330
-1903
3389
-1914
-4276
-4286
-8165
9763
-3894
3579
8852
-9295
2290
-1418
5728
1088
4554
8104
8235
-5545
-4597
9213
7712
-534
6002
-6810
3887
1826
-4901
-8562
-3653
505
-3054
453
3875
-6554
-1932
6991
-1845
-442
-5136
9512
8080
6184
8903
-9271
-4890
-4006
9018
-889
-8190
-4021
-2691
3173
4444
-1234
-8869
-1483
-7997
2637
-1435
-5765
3273
7708
1672
-7085
-4119
3455
-1849
-4756
1369
-2656
4092
3282
6317
2508
819
-4476
-7416
-7900
-573
-6329
-8684
-2242
3030
-6493
3348
-7619
6498
-4296
6662
8736
-4458
8835
-7457
7730
3327
-4896
-191
-2047
1408
1597
3636
8182
-8687
-2859
6975
-682
8606
3896
-9774
-6034
-1754
-644
5911
2799
-1432
8329
3047
6722
2590
9474
2124
4143
8367
1188
8399
-8855
-8030
-5706
2200
-1812
8353
-4065
5737
-9145
4734
3497
-5837
-181
3913
-2736
-3879
-3925
5309
1464
7475
1534
1386
5457
3966
-7905
-3872
1709
-7133
3324
-2942
-5782
9234
843
-7949
2578
-4841
5231
-1241
9019
-5027
7193
6844
5107
-1456
8788
-6469
-2294
-9365
-3129
-3526
-5348
-5019
8280
-9129
8187
-2207
7359
-5379
-1500
-5589
-7733
3309
3844
-5791
-1714
-4791
-1788
6371
-229
8383
4801
7771
-2127
-4046
4073
-4580
-2558
-9485
3922
5165
-8438
4931
-749
-6255
3216
3956
-9577
-2295
105
-7030
-2093
9399
2983
4733
3208
-4114
-8460
-9896
-4273
-2160
3049
4938
7256
5917
-5122
-4024
9667
7002
-7627
6464
1736
-9212
854
8356
-1526
-6266
-2651
1886
1076
1639
3363
2594
55
8792
3224
-8203
-1729
-737
-3964
-9671
3945
529
-2609
-2513
1358
-3101
-1841
6543
-7736
9294
6870
2143
-9832
-5233
-6832
-6515
-8521
4887
-5147
6633
-869
-3269
8455
4994
-3037
8795
1765
3441
-3192
5048
-8008
-822
8453
-8878
-194
-2000
-240
5743
122
2940
7732
1064
-2945
-2081
-6742
-9995
9340
-4861
-8146
-9911
-2152
5236
8684
-7615
-6639
6697
-810
1723
-1045
3296
-2123
526
-3310
-9137
-1861
6079
6205
-9959
6082
-5326
-2909
-3990
-9043
-4328
8510
-1757
-8630
4285
8034
62
9082
-6840
-4319
4871
-605
-5236
-6985
6136
-6774
-4372
3533
2523
-2382
5428
-6369
-8309
-2598
-3043
-1331
6845
9411
-4540
-7086
-6229
3245
-9991
5148
3155
-8311
3633
-8766
1725
-2700
-4597
8618
-9830
2438
-4300
6575
4258
4146
-1777
-904
891
-9573
-3855
-6438
6193
-9663
-8768
1946
-4768
4264
3297
-4478
8748
-9310
5151
-9434
-7257
-9911
5687
-9610
-2348
-1832
-8602
1237
1365
6364
4147
9371
-2147
-6059
3402
-2635
-3515
3738
7305
-157
-4530
-3634
-8310
6778
-1771
-7691
4703
-2370
-926
6878
-9248
9829
2414
-9289
-1554
-8524
1074
-9358
5492
-5613
6491
-8486
7162
-8013
4070
7567
-2515
685
-9195
2691
-5894
6327
-2352
-9142
4161
4554
-1389
-4810
-3513
6700
-2391
-1012
4468
9214
3217
8474
2301
-9317
-7587
-5811
-8353
-61
5698
926
1843
3340
6896
-3330
2162
-2487
4275
8855
-2286
8815
7514
9736
-7969
1640
-63
-4402
545
5924
401
4870
-8250
7548
-4875
-4240
6974
-9511
-851
5970
-6229
1112
-5809
-8991
252
-2949
-8773
2701
1244
5166
-2506
8413
6609
-4380
-9477
8776
9812
6109
-8871
-5434
7174
3685
2177
-3103
-682
4466
6730
9582
3955
3369
2613
6584
5257
-7445
6135
-5072
-7828
1039
1167
-7668
9540
6288
5782
6568
2549
-4367
-3153
-5030
-6916
-2381
-7081
6286
7459
5742
-536
-495
-5313
-28
1584
589
9968
6757
2800
-8110
6174
5738
3974
-7026
-6826
9817
1526
82
1675
7250
-7544
6229
1021
3685
-4735
-5410
5017
-8124
-3310
2799
2634
523
1451
8609
-9933
-8564
-1983
-840
-2648
3429
-393
9587
8157
-6274
6153
-9177
-105
7155
-4747
-8314
-9389
-7639
-9552
9992
-4239
-3924
3819
3765
9694
5555
2733
-1008
7058
2564
-6947
-515
8128
283
-8668
-1874
-6300
2524
2027
-5947
3968
-2326
8741
-6913
-7980
7552
-261
-9157
3666
-5191
1297
-7925
-2137
7943
5558
-5368
-8061
-6679
-5577
6526
-8170
-9761
-7212
4196
9626
5369
7154
-3765
-7301
1571
5620
2961
834
-321
1333
-9699
5913
3660
9086
9608
-6137
8990
9394
-2703
-3989
-4657
-602
-7967
-3474
3084
744
-2490
805
2176
-4097
6147
2866
7888
6554
7900
-9893
-1140
6704
1962
3318
9396
-3042
-1729
7552
7547
1512
7575
-6052
7874
3668
7714
5823
9597
-2989
1626
-2479
3640
-7032
-6290
-7680
4257
-824
-2867
-884
-5639
-2960
701
-1843
7486
9501
-5049
6948
-7215
-2465
7886
-6180
-9628
6641
-5374
-3136
-4288
392
-8923
8210
-7582
5062
9829
6711
9272
-9978
-937
-4371
6660
-2450
-6061
-6780
7991
-4110
-1665
3450
-370
9372
-5578
-5799
1122
4791
2739
-7313
3541
-9044
-309
-6965
-3566
9537
-6737
-5471
5982
7880
4024
2276
1628
-7039
1675
-6507
-9266
-6529
-8052
8938
3304
-1578
-9615
-6913
5311
3817
-422
-5524
5472
2051
6826
-2009
9894
3613
-4270
5892
6002
-7898
-4717
-4128
-51
-9465
8930
1981
-4044
4896
-5661
4597
-1700
255
4148
-9100
-8221
4985
-3773
9338
-3516
-1879
-1528
-139
-2075
7063
-8760
7800
1659
6251
-5457
-556
-853
2122
-8292
9185
-2851
6693
-2364
-3546
-4229
-8613
1254
-6545
-2255
-7316
-3374
5114
5133
-7616
-3220
-2807
7988
-7976
751
5291
-8016
-1836
2408
4179
-7612
5399
-945
7399
2475
3949
4685
-5735
-7748
-1083
-4739
8013
-6802
6299
3361
-4499
-8154
376
8039
-7774
4958
6598
5905
-7982
-7456
680
-1652
4084
-8188
-4964
309
-674
2016
4545
-407
686
-554
-9633
8050
-5205
-5501
6595
-3453
8160
4587
7429
1166
2085
5917
-3492
-2490
4646
-8720
-6470
-1796
-7908
-5539
5031
-8062
9807
9845
-9979
-6132
-6966
8519
9637
417
-7356
-8742
-4191
5518
2495
-6449
-860
-4880
5946
3514
-7997
3546
2850
-7036
4544
6938
8335
-9384
1552
-6527
-6616
5057
7279
-1471
-6066
4386
-4440
-3225
-2392
-3105
-6174
7915
7385
-3574
-5516
-5112
-7802
4621
-3359
9750
3227
9446
-8926
6680
-2788
2881
9829
7082
-4278
-5773
5715
-7299
-3723
-3801
-4283
7704
-5599
9079
8443
457
-2317
6377
-295
-3559
6468
-9271
9388
5736
816
9489
1577
-2894
-7487
4786
-1498
1957
3974
4785
-6646
1975
-1258
1912
-5231
3541
-6060
3860
-3409
-3188
-7328
-4834
1191
-5716
5189
-8883
-6917
-2673
-2828
1047
3736
-3219
9220
-3647
3200
4146
8618
4010
-6455
2954
6356
6988
1789
8458
7148
-5031
4534
-7887
9920
1872
1491
8626
-5680
182
7648
3810
1893
-4932
-3341
9512
-5110
-4675
9594
7213
-8711
-1825
-944
5724
826
-7760
9914
-8722
5333
-3416
-4465
-6175
-6873
5389
2540
-3348
4668
879
-2062
8566
1309
5302
-8686
-2460
6518
8731
-4152
4153
-6871
-1602
8178
-4598
6787
-8787
5404
-9239
-1086
-1056
-4932
8695
-9062
4159
9458
-6996
7205
-722
6554
2865
4549
-4199
4882
8375
544
18
8577
-338
-4160
-6990
-15
-3363
713
825
2298
-7548
-2859
1338
3786
-8493
8534
-2682
4519
-4727
5606
-2427
6655
5992
5315
7653
-9655
-2188
7520
-8845
-9978
-5510
-7922
-1856
5173
7776
2917
440
8868
-2443
-7154
1966
6017
-8115
3833
9881
2933
8250
-4949
1937
8690
-6514
-8335
2536
7609
3898
-5424
-3808
6090
-7213
1092
5196
6495
5561
3166
2172
3334
-420
8594
2947
1580
634
4638
-7464
3191
-5424
-3976
-6591
-954
-9241
3760
6821
3785
-1941
396
897
-8223
-8305
1753
85
5082
-1049
-1207
499
3668
3753
5253
1805
7411
7321
-5076
-1024
4346
-7017
582
-5504
1897
-6426
70
-8995
-9388
1104
-9093
-6289
-1654
-436
-7039
2186
105
-3903
-7257
6699
4858
1066
5909
2421
9618
-3987
7165
-4960
3328
5735
-954
3952
-3820
-3910
1507
3126
3141
4833
6757
8048
6202
-2213
6855
3483
853
-7423
5015
5806
484
1600
32
-6195
9117
-5008
3666
312
608
-3671
7869
5226
-5811
3189
-4143
3123
8296
573
-4734
-1384
9691
-9252
-9230
1669
2944
-4936
-6325
8319
-6017
-7746
-6765
3210
-8244
-8637
9998
-925
-9734
-5508
-1654
-3101
-7080
-7367
-6810
-2089
3712
6635
-9957
9389
-4546
3416
-5742
-4893
-9272
-7130
679
-3123
-6095
-4163
-7970
7559
5244
-3552
-7520
9470
-2482
2317
-2002
-4072
-9353
2148
8657
-6818
1976
9182
6766
-5066
-8276
-7212
-5446
-5625
-3685
-7413
-7358
-4761
-2060
2932
966
2503
-72
-3504
-4490
9557
-8226
6357
9338
5284
5140
-2822
-8164
1941
4408
-6818
3222
1796
-899
7535
8292
7289
746
-2967
-582
-5778
8993
-999
8157
-4941
-3356
4390
-5340
3270
-1963
1664
176
-2647
4618
9784
-4906
-5394
552
-9996
-425
-380
7482
8704
610
-1295
217
5990
-8473
4143
-5133
8747
6458
5254
2554
2613
8544
-632
-4062
6921
-1732
-7365
1851
4140
7582
2379
-6732
-7597
-9433
-5494
7534
9165
449
5688
1790
-273
4377
1949
-6826
-7102
136
-6544
-3463
-5397
6077
-2826
2763
-4625
8574
-1802
7684
-2073
-3881
-9253
-2806
5726
3746
3195
-8098
7074
6999
1177
-2583
3168
6050
8659
8123
9190
2734
-9621
-1518
7988
1570
9508
-1141
-2244
-2592
361
-401
5025
1938
-5292
1824
-1190
6183
7807
-4716
-4502
2540
-5779
3506
8337
-9775
-9976
-1783
-559
4732
6693
-6482
-640
5626
541
589
-5236
5164
-2640
-7006
6691
698
-8345
-1982
4397
-7799
-5866
5719
-3266
-1266
-6446
7458
7058
-8641
-9698
3328
8951
8878
7692
-7590
4011
-2549
8524
-7367
4716
6953
-8430
655
9350
6899
4546
-2408
7754
-519
2346
-9201
-4115
-7558
-7100
960
-5377
-557
1181
-7816
-9365
6294
1259
9146
6737
6469
-5357
2489
-2753
-9328
3872
547
-3483
-9114
3249
3151
-4164
-5718
4343
-3545
6817
5558
6874
4381
1346
-9984
4126
-8256
-5314
275
-5983
-1607
9499
5850
7808
-3410
7535
7147
9233
4289
-1994
4320
-6428
6072
-2850
-6791
692
-5045
8189
2274
3020
-5919
8623
-7642
7250
-7051
-1142
-9406
-6432
-9410
2925
-8286
-4306
-7528
8398
565
-5676
4584
3693
4619
9280
1623
-2243
-2061
-2209
-2594
-3208
5227
-2940
3321
8172
9712
-1098
-8960
6216
-608
-6565
-2593
7964
-6229
-9003
2860
-919
8068
-8103
-4701
-2496
1651
2525
7990
-6245
-1059
-5461
2549
2683
-2412
8419
-1294
-875
-9335
-8039
-8908
-933
6369
-272
6932
-3910
5331
7915
-115
1503
2777
-3236
-1109
-2033
4026
-5433
2061
5693
135
-1139
-7591
-4036
-4623
9548
-7727
1192
2850
-3968
-949
-3143
5091
-8083
9164
-5381
4760
3440
6826
7825
5633
-3678
3092
5378
-2740
5515
7825
1849
9474
-6956
-261
2850
3782
-7137
8309
-5687
-9051
-6221
-8017
6194
-780
587
7080
-3665
2513
3020
-6900
4295
-2758
-7349
-7733
-2377
8694
5078
3998
8558
-7479
-6514
-99
-2918
2375
8538
-3791
2829
-3969
1124
-3180
4653
-3952
-2558
-4367
-9413
648
6656
6894
9488
9489
-4144
4147
-9042
8094
5209
9908
-3010
5088
-2793
4110
5827
-8366
6906
-3307
4198
-7663
2770
6940
3035
699
9938
3862
-4414
4417
-6533
7862
-8677
-8432
-8015
-8118
-8478
6591
7901
1802
1458
4169
-5758
2246
-5804
4965
6293
6500
4553
-6146
-9122
-1768
8540
2282
-9404
5393
-7837
-1604
3108
5517
-5032
-483
-3738
973
4033
-6160
-5296
3714
9183
902
6450
-9962
2525
6051
36
9614
2801
9215
-6171
5677
-1587
3443
-6208
-7131
-3032
-5876
-8408
-2512
-6907
9459
-4575
4411
-4936
9035
6023
8932
4141
9562
6880
3480
6299
-566
9806
-6530
-6018
-6435
-1406
1072
6115
4369
9464
-7727
8942
-277
2265
2658
-9450
-7238
3853
-3454
-1244
8169
2363
-9840
5439
-3198
1986
-4543
4754
-1217
-4478
3306
-6553
-7414
-5921
-8470
3358
-9185
767
-3331
6248
-711
89
2275
9480
6728
6325
-3110
6672
9582
285
6870
4230
-798
-1994
-1791
5427
6254
-9919
6652
5401
8183
4422
-2591
-6643
-5843
8096
-8156
-8445
5163
-3359
-8570
-3127
6293
7832
-8229
-3352
-9443
9073
-7906
8412
-3931
-2105
7811
-8197
5131
4981
-3516
-2108
5892
-2991
-3555
698
1954
5589
2248
3300
4205
3283
8092
6774
-507
6773
-3852
4357
4502
-3089
-4301
-6635
-7770
-8497
-2328
-3876
7500
4562
-3115
8018
-7562
6000
-6977
-9788
3890
9952
-5764
-7054
-5421
747
-227
7538
-8731
5767
7048
-7229
8428
-9407
8936
707
4693
-3613
-2906
-1610
-9133
-9725
8539
-8602
-9086
-1355
-5897
-4572
9578
5937
2602
8246
-6689
-3332
-7561
9372
-8816
3831
5517
9480
-4821
-208
-2186
-9231
-8006
-86
3523
2939
-5762
4694
879
11
-2568
8850
9972
-896
-959
2767
6168
4746
-9759
-3570
-9340
7204
3731
5943
-3686
3368
4271
8110
-9183
-3072
9698
-2243
9499
-3340
4788
5520
5154
-4380
-9426
9811
-2552
-2861
-5965
9377
3608
-8186
4062
-6495
-4060
1063
254
-2426
-1485
-2255
3098
-4379
2471
5660
6833
946
5768
-86
9192
8649
3436
-4152
4595
-7990
-1389
4986
2544
6187
-7718
-1301
-5731
-7330
-2863
8571
8557
-9936
5804
-1013
2170
2400
4912
-1708
-8177
2200
9769
8389
-8965
-7605
-7431
-6653
4849
2284
-3919
7826
3742
-848
-8590
-5805
-9765
8248
3637
-9116
-4435
7954
6721
3467
7254
9077
-9272
-782
-3451
6194
5073
4049
-5493
-8535
-520
5632
7187
8110
-2995
7149
3038
-4401
-2161
5311
-8764
4853
1952
5126
-9731
3046
7195
-1610
8421
-5176
4656
-6507
9495
-2484
-2566
5001
-3175
9496
-8809
8024
3741
912
7441
-7183
4555
4815
2839
-6353
-4507
5843
7750
7688
-3051
-56
-9872
9821
-3154
-5897
5183
1497
8021
5361
-9390
1449
2619
-5620
-8379
-7244
-4956
3841
-7600
6395
2051
-2352
-7368
3432
-2952
-5992
-2241
-7381
-4437
4358
3366
-4993
1078
-1477
-3748
2373
7084
-4371
8596
-8016
-1297
-5114
7135
9716
2033
-2177
1028
-8262
7342
-6730
-7024
-3060
-5430
-3427
1790
1489
-5034
343
-7523
2683
2572
-9668
-4821
-2356
-9571
-9551
3232
-1450
-1822
-233
-1483
6842
950
9414
-2969
-9353
-5294
-1006
-5777
9809
-4045
1791
666
-8829
-3130
4760
-3262
2402
-5238
-6660
-1734
-4999
759
6873
6934
1124
-7318
-6702
-9283
3562
-9107
-8540
-9466
5728
6435
928
-227
3423
5173
3394
5710
9395
-6222
-9463
9
-5157
-8662
-1714
-2451
7284
-7490
7124
-9918
-2001
9732
4599
5813
-4562
6634
-5520
-1983
3997
2122
545
2870
3261
5311
-5141
9836
-7955
4221
8617
-798
-9423
8432
-2951
-7852
-166
7946
624
7262
73
4647
-9717
-9550
168
7032
-1545
2569
7568
1100
3860
-8260
2409
-60
8435
-7143
-6516
-4445
-6646
-3291
-3949
-7911
4758
6602
-7219
562
-714
4342
2101
-9863
-7716
-4543
4437
-2925
5286
9772
339
-157
5135
-7427
-4451
9478
897
-4904
-4446
8003
-6142
-2329
-9488
4574
4226
-5984
4766
5000
8288
-2156
-497
-6650
-6421
5212
-4064
8240
-5298
8369
-7377
-9650
351
-9778
7820
8917
6374
-5159
-4654
3367
-8095
-1547
-9660
-4300
-9817
-2112
-6844
-1322
4828
5713
-707
-3807
-6323
6857
-7954
5828
-5500
4478
-4307
-604
-7729
598
-8135
-3306
-942
3704
-2556
-8302
-5498
-8850
3396
8330
-4745
1012
1302
9186
-476
6259
-5461
1671
-3602
-9963
-1872
-6950
-6801
1874
-6907
-4648
-7248
-2325
6294
-1448
2590
7398
-1308
-776
-9188
6282
-4327
-6880
-8847
4309
-5956
8709
-9583
-9597
3012
5576
383
5723
-690
-4028
-302
389
-5872
-8921
-6077
-4774
1047
6018
-38
1275
5644
3473
-7825
3981
-3252
8144
-7389
-3969
4913
4698
1320
499
8407
7673
-8587
7298
-1747
-5567
4186
444
1172
-8689
-4609
-8276
-6429
1312
3139
-4853
6223
5444
-7102
5524
-8563
7833
4822
-9017
8482
745
8880
-6961
144
4405
-6584
9235
-8964
674
-6043
9245
3192
9277
-4166
-1931
9443
-2536
-5857
4503
5292
-1353
-7026
-6354
7846
7277
4182
291
7098
-1473
1112
7160
-407
-9151
-4646
-191
1664
5882
-4888
-3855
-6866
-9478
-8639
7712
948
49
-9944
-9593
-1276
-6025
-7961
8779
-9684
676
2505
-9366
-2745
-817
3737
-5389
2230
5833
-2787
7319
5085
-7431
-6146
1633
7934
-9367
-7114
-737
-5256
4738
3010
-9836
-9309
-8109
-7628
-8400
-8650
-673
1376
4330
397
-7844
-7345
1372
-9227
7454
8577
7812
-7267
-8586
-2367
8710
-5392
3544
-5974
7582
7413
1775
-3912
8298
-4457
7743
3337
1862
-5417
4779
6635
-6521
-658
-3616
8788
5965
4087
-2719
5243
-4861
-1765
-6205
2979
6165
-5463
9204
8089
743
-7235
9508
4252
-4372
-1945
6136
-5240
4813
4059
7686
-5351
-9958
-3565
-1343
-3970
-3574
7653
-4936
-3160
9894
6617
2389
8167
-2877
-4188
-9175
6699
-2467
-4726
3746
5939
-6080
4078
-1741
9902
-4788
-5368
-1936
-684
-4604
4117
-8371
-3302
1561
6940
-5887
-9791
7237
9577
8253
8976
9020
8817
-4505
7409
9939
-2489
-2805
4665
-5107
-7510
1456
-7111
-2145
3344
5372
4956
5509
-361
-9057
4771
-1481
-6804
-1608
801
-3103
9639
9171
-6610
-5420
-8316
853
-4246
-6434
-5959
-4384
2938
-284
-592
9772
2635
1261
-8801
-5421
1063
-6669
-3231
-5263
4206
8449
-1185
6310
9142
-2107
1058
4619
7977
-8373
-335
-1539
3508
8173
-2975
-7953
-6502
9427
-6664
-9406
-722
1615
8318
1449
9453
6608
-8045
-3875
-2804
-1417
-4378
652
-9914
2340
-8950
-124
-209
-6212
5472
-5891
-8910
6326
9447
-8067
8904
4722
5988
8669
7822
9972
-4913
3425
-8362
8816
-317
-2106
-5716
9512
7504
8986
-4013
773
-5447
-2259
5401
-7184
2573
6579
-6335
7050
-7600
-3374
6761
-7345
3125
2969
4632
8035
-9519
-5750
4342
-7930
-1099
-3776
-5952
2848
-6264
3982
-1647
5946
9270
2213
5541
-9702
-6607
9086
3315
4566
5321
7482
-5341
-7126
-9568
4871
-3869
2055
6270
-468
4274
-2506
121
6991
3906
4532
-8220
3754
8169
-8148
-5872
-403
-4894
-7729
-5975
-6443
-2700
-4824
-8944
6723
-2296
5602
-2551
-6918
-1177
1356
-5053
-2233
-6161
-2444
-1204
-2102
7725
9878
6159
-5253
2929
8805
6692
-5672
9199
-3843
-6766
1849
-5343
-6538
4833
9367
5256
4747
5241
1058
8329
-787
275
179
-1827
8902
3697
7294
2047
-8653
-8294
4253
2896
2423
-8657
-8751
-4152
2557
9659
5602
2480
9016
-9208
-6430
-1477
5438
-7282
-2485
5586
1205
2335
-2536
-8850
3509
182
9467
-4888
-9169
-4636
4961
-7872
2588
3621
7640
5650
6306
-8433
2247
-853
2489
2678
-5079
-173
-3229
-2288
-2932
-1064
-8507
9762
2934
3822
687
-6313
-9307
7929
2634
4114
-6848
8747
4582
-4788
3304
2673
7065
-6588
2280
-6926
-2647
-9480
-7883
-3056
4863
-5966
3252
408
5519
4811
4381
-1351
-7284
4783
1671
740
398
-5323
-5744
255
-3514
-1585
5769
-363
2651
-4227
8791
-1643
9435
8035
6546
-1557
9640
7434
-1869
-9856
-8431
9046
306
3510
4432
-8602
-8296
-5005
80
-720
-7981
987
-725
-1614
-9916
-6069
964
-6872
8442
-4568
-8453
-9133
-8979
-6484
2207
-2671
9578
-9486
-6925
-4775
5617
-2449
593
68
-5708
-2442
-4880
4404
-5123
-4285
-1718
6530
7778
-3024
6660
-7918
8024
8587
53
-9324
-5750
-122
-9052
6784
4548
-7877
-8987
5840
-9828
2263
5433
-7598
1618
4960
7073
-3685
-9782
-8596
4963
422
-2169
-7819
-3674
8100
-425
4824
-5827
-1373
8656
-1356
7359
146
9253
-2596
-3307
4243
-8678
9065
5167
-3686
-6606
-335
-3673
5754
-1795
-4800
-8771
-2238
-7526
6163
9478
976
-1384
-1010
-5367
5532
4614
5333
2436
2216
6751
-3466
1691
5721
-7977
2905
-4220
2589
-2461
2068
-6535
-1972
2452
5772
4163
452
-3686
6008
-3192
-8027
-9477
370
1405
-9581
-3570
2896
3430
8397
-809
3724
2025
-7203
-7182
-144
1548
-5405
9512
-6948
-6728
3737
7512
-2762
-6355
5047
-4693
8797
9994
8494
-379
-4529
-8614
7704
-9226
-2560
-5900
8280
-5990
301
2679
-6468
-5051
-6457
-8604
-4704
-1911
-1361
5224
8638
2254
8077
-232
-4977
5660
3894
-4032
-3199
6288
-6378
-6010
-5152
9314
9157
-6123
130
-1189
6086
-3831
8535
7538
8498
-1885
-2516
-882
81
618
-6881
-9978
6585
9543
3850
-9101
2417
2058
1106
-3518
9047
-9781
-32
7314
-3526
3928
8208
955
-9785
-7990
7675
6232
-4042
7548
289
2439
-450
1813
4526
470
7583
-8161
961
-5192
2300
-8098
-9988
9029
-853
-2531
-1575
5470
5389
4364
-2911
1795
4153
1440
526
-9471
4129
9039
-621
-3031
-3585
-8235
-3924
2210
5374
-8827
-4769
3708
6065
-3046
958
-67
-8897
-4795
-8437
-2849
946
8498
225
6357
-2738
4758
5743
8589
116
8800
-3994
1189
-2169
124
-9712
6497
6403
-6126
-9939
7693
9382
-2068
4133
-6854
8962
5852
4516
9429
1169
2764
1727
4444
-7682
109
8386
-4724
6562
-1641
5794
-7910
1099
4204
7446
-1462
9450
7994
-3888
9141
-3126
-3939
-4128
-8468
-1083
-9907
-6053
2767
2477
540
7335
-8457
4828
-9716
8229
2005
-6913
2165
-9425
-1821
-686
7135
6044
6958
-9681
4548
3104
-7845
-4349
1497
-6761
1419
6005
1474
-2472
6010
9676
5964
8411
-4761
1900
9548
-2416
-5511
-2471
4358
5994
6922
2225
-2728
3099
-273
-760
2751
-8397
-5662
-4611
-3364
-7771
-9723
-7839
-1975
6042
5979
-7874
-2471
5355
-4194
3255
-9114
3196
-8618
-9961
6221
-794
9461
-1207
5350
2068
-1053
-8428
-3549
3379
-1337
-1798
4091
3322
8348
490
-6273
-8555
7918
-258
25
-3106
-7951
-195
-4718
-8073
-7807
-1596
4512
-8001
-4831
-5177
2169
-3493
-3304
-6009
2076
8055
7414
-2983
7455
6367
-4527
-1219
2735
-252
3369
4389
5989
-5152
4474
5193
7338
-398
9061
7431
729
-7082
5824
-69
-5999
-7048
-5323
4910
7322
6464
2364
1692
-3042
8244
7100
5759
-2493
7598
102
2827
3733
-5491
-818
-4825
-9915
-1407
-1171
-7167
-2353
7189
2097
6014
-300
-9820
6066
7864
1602
-1121
977
-6126
8815
-6446
6295
8229
-7836
4353
7900
9156
-2990
6481
7124
-7499
7292
-9473
-2722
-1993
-2696
-8442
6993
9836
4877
-2343
-5454
3050
1768
-2860
-7657
8754
5819
6089
-9728
329
-9944
-2676
9938
4164
-7016
9481
5534
-5916
2118
3116
-7549
5318
-2085
-1351
-6420
-6097
4112
2758
-1134
-5646
-1559
1580
7662
-9638
-9553
-178
-5384
3444
7763
-9054
5050
-5536
-5966
-9472
1648
-7371
1073
3532
-3684
-8406
2648
-4798
-6053
4877
-1214
-450
4014
2466
-9188
7386
-3777
6437
-637
9437
-2716
5250
9369
-5687
-257
437
2142
-1037
-2614
9971
8991
5519
7478
-1083
-9785
8881
-3111
-4423
7981
7296
-4809
-3486
7085
5020
4630
1226
4559
9749
-2803
-979
9828
-5519
-2674
-3067
599
-1149
8504
-7639
1706
-2436
5396
-8284
225
1005
-4214
-2299
-1307
-5606
-4913
-8653
9740
8765
2320
6811
6014
9243
-8653
115
7429
-2818
4287
8551
6476
-9091
9772
-5172
-8827
-429
7989
5663
-638
-5231
9068
-9691
8174
7298
-1997
-4532
5078
-7181
-9705
-8970
-5181
7247
7787
-6722
-7415
-7357
5070
6073
2495
-3710
9647
-780
957
4985
1779
-2647
-6608
-5025
9517
344
3466
2819
8773
-3103
-4757
-564
-4212
2180
-997
3200
4592
-7596
-5983
-4624
-5371
-626
2530
-671
5757
-2780
-8625
9128
-8405
-8242
-2698
-5980
1485
4364
6931
8011
3322
151
-271
-944
-6610
6676
1076
-4996
6830
2361
-6683
3210
336
-9602
7792
3130
5835
-4084
6866
-1305
-5864
8799
2147
-1406
-1578
9613
-4688
-6067
2573
1891
4559
-4801
8139
7387
-5249
-9033
-1033
-3913
6612
-6567
-8852
7969
-6952
2282
-4199
8979
8917
9322
-7548
767
2570
3534
-6757
-4909
5000
-8990
-4518
1820
2200
4898
4380
-3029
1796
9879
1903
6503
2130
5643
-9973
6599
4320
180
2128
-9679
5546
4804
8442
-7403
-477
3994
184
-502
8651
-8662
4722
-6097
-5295
2005
3919
5100
-3289
8836
-2919
-4618
1026
-4059
-8119
-8705
-1205
-557
4045
2099
-812
-7485
163
2617
-4241
-5304
-7758
6781
-402
-434
-6928
-893
-6380
-2364
-1389
-310
9670
3538
-4879
-6833
7592
3837
8337
3240
1030
5439
-1217
1238
-9179
5506
-7859
-5285
4977
-3525
6035
7766
-4896
-3722
5922
368
-7510
-7665
2628
-4071
8087
-5825
7287
2923
1476
-4295
-5169
-5143
-285
5875
5455
1516
-4176
-4338
1947
-3799
4860
-9931
1048
2208
-7269
-7863
-7789
5055
-1901
7079
-2003
9657
-3122
-7720
7463
-3849
8510
-7304
3859
-2682
-9463
2799
-2699
-4053
-7845
-1247
3477
-416
-5626
-4730
-7426
4639
2264
-8313
7983
-9865
-2418
-1685
-5819
-8233
-4976
8029
-8417
-2514
1458
-6055
-8902
4295
-9232
5011
5463
217
6940
-2857
5291
7100
-1892
-347
-3121
5254
-1348
3730
4946
4230
7273
2513
5499
-9735
-94
-3060
1212
-5542
-3844
-2970
-8685
-4283
-5644
-5324
-8007
-9986
3293
-9223
9031
5131
-8211
-581
9387
-6890
3068
7610
3920
8849
5913
-535
9153
7859
2903
-4536
-8340
3270
4595
3507
9794
-7774
-4192
-7139
-4471
6410
6016
2871
1917
3289
5073
6239
5630
-8714
-8286
-4698
-9291
-2314
1595
4346
-5082
-6151
7534
3895
-3998
-2572
-8172
8000
9458
-4012
-9516
5308
-5779
-1128
-1225
-7329
-2775
-4866
-3993
-7823
-9135
4814
2114
-3980
938
7169
-8934
5874
-3403
9497
-1656
-8815
-9978
-6084
-8156
2668
-7024
-8219
-2055
8673
-2490
4786
9276
4143
4123
3710
-1582
-7986
-8303
-3473
-9354
368
-7617
4028
166
-7076
-2694
-8606
-7599
-352
2383
3102
2481
4700
-3152
-6041
-839
-8666
-9315
2840
6169
-3157
-3542
7370
6608
3399
-179
-6982
-2796
-3778
-5723
3550
7031
6154
-5711
-7338
-8678
-8504
-7406
8243
-7353
5642
7868
-9761
-2780
4152
9816
86
-3157
3385
1718
-4572
6528
4207
4452
-1712
9381
-1359
1879
-2926
-9029
3178
7711
1134
-6236
-5265
-7762
-8806
-5166
5110
2506
-1305
-9210
523
-6880
-7173
-2290
-4703
-3612
9580
-8232
1708
8206
9323
-6490
6486
-4852
5709
1448
-1111
-2502
-6248
-1800
3276
6464
7973
-9305
-6931
3234
2704
-3617
-4739
6714
-5363
6911
2323
-1960
4608
-1777
-6188
-690
-7573
7024
6823
-7229
4618
4473
487
-983
-2520
3034
9365
-653
-5935
-5130
8104
1327
-4705
-5669
6017
-8598
4215
2955
-4194
5003
-63
611
3755
4237
1474
574
5117
-2186
-9636
-4639
6772
5555
-3892
9690
-1483
-1642
1407
-6138
5664
7685
-631
6747
7597
-3300
143
-6547
-4249
-3890
-1431
3781
-7709
6939
6623
-9804
-8557
6655
-4825
471
-7803
3825
4545
4058
-113
-2921
-512
-6119
-4637
-5836
5856
-5861
5330
-4390
3065
6426
5154
8287
4798
908
6932
-7894
3544
7622
1557
-6085
-7605
8233
7396
7487
-8851
9743
-4215
-3909
-4965
6141
4308
1359
-1867
1089
-819
-5914
1441
1572
-8254
8244
-9922
1087
776
-2607
8513
9801
-8300
-3253
-1168
-2910
393
2295
4526
-6917
7017
-4568
5481
7304
8795
1071
-6264
8356
-1312
-151
2358
-9358
7047
-9883
-4891
-9953
4268
1624
-3903
-5861
3995
-6166
7228
-9149
-6035
1889
-9085
3012
-6898
-4086
1622
-9724
4670
-6131
3208
-5272
6765
5894
-9203
428
-8722
8282
-4635
-8617
3812
-2097
-4328
5008
-6073
-8454
-2140
5896
5532
-1749
-6609
-4872
8722
3369
255
1168
4531
7440
-8729
5597
-8711
-5032
1988
-4882
-5468
-5363
1007
5660
8697
-1856
-1805
-4521
7801
4642
-2216
1541
2443
7822
2679
-2112
2300
-23
7368
9913
795
1458
7326
5735
9137
-2018
2649
6512
7249
5616
9426
-902
-4408
-4947
-2459
-4590
1004
-1660
-4122
-4206
-8232
1706
4225
-5328
-2193
-3815
-4792
2311
-109
9604
-3643
1400
-9884
930
-3490
3056
-7028
5634
9505
9791
-5356
5151
-6070
-3415
3692
-2917
3306
-1168
6130
-372
-118
-1035
529
3153
-1223
-6306
-1681
-3737
1230
-2190
-2048
5535
1866
-4232
3356
-2854
-5870
7390
-6912
-965
-3069
4655
1661
-3495
3860
-1408
-7544
-1859
-7385
2088
1998
4449
-5092
-7788
4201
-7452
-5816
-2500
-842
-2504
-4522
516
-3726
-6175
-4782
6263
4849
4332
-6560
-5215
-5066
8846
-2800
4032
-4283
-9124
-4521
587
-7097
-1812
7392
-6303
3874
7645
5592
-5480
2244
7439
3022
-2286
-7316
-7217
-700
7553
-3243
-506
-3701
-6359
6614
9593
3655
1249
1959
-1797
1701
-6956
-567
4220
-3019
-4163
8940
-9057
-1391
-8930
-8010
14
6279
-1548
-1265
-8086
-7404
6251
2218
-4774
-2983
2377
-2355
-7832
-5938
-3635
-4024
-7225
-5402
-6205
6664
9527
-8916
5396
-9693
6915
7614
-8576
-4547
-739
-8220
663
-6480
7204
-7231
1221
-8872
-251
4096
-1765
8863
-1312
-8754
2371
5762
853
9050
6266
4362
-3474
6301
9149
-8327
6338
1158
792
1120
-6887
2576
3764
-710
3152
-461
5870
2058
-5013
-8325
-6558
-6041
1505
1882
-289
4461
6276
7032
7221
-4839
3241
8553
-9271
2979
3873
2899
4586
5007
-5297
4582
-6539
2591
1691
-3197
9499
-3493
7818
7410
-8867
-8421
-6946
-3793
-9668
-4929
49
-1189
4907
5087
1368
7593
-5050
4655
-177
4081
4451
7172
-649
-350
7049
4945
-9523
7512
1211
-1349
-1485
-7
7575
7204
-3938
8732
7400
8621
4571
-2133
3250
5750
-3851
-600
-6647
3013
8609
-9405
-4829
2373
1184
2429
8922
-7807
9519
-5234
-7608
-4466
-4519
-5612
-9011
1077
111
-8383
-9833
617
-130
9116
716
-8310
2594
7989
8038
3290
1096
7764
-4492
3590
-6285
-2203
4613
5228
-4068
86
-8644
-6300
4119
-3472
7651
8181
-3714
-1896
2246
-4445
-2880
4229
4406
2764
3823
-5529
926
-2835
-5599
-2971
9916
2095
2834
-653
2236
3026
4260
-8455
5909
-2316
-1614
4758
-8550
3939
9696
3333
8450
6556
1869
2686
6813
-6062
137
-9944
6360
-2868
5838
-6109
-7293
-5777
-5868
-9154
6493
3362
-8128
-6983
6549
4720
539
-7178
9963
7633
6679
-9794
9840
-6142
374
7686
-8718
-187
2746
1169
9129
-6214
-4857
3746
-4156
336
1596
2697
8365
4219
5219
7156
1584
-7563
-789
-4190
3531
1471
-9133
4349
2172
2121
5473
2117
6858
9493
5655
-8432
3589
4048
-6050
2184
-3496
-7611
441
-3007
-6485
-3642
-1810
8818
-7083
-5608
1290
8551
987
9277
8714
1179
-9208
-1238
-4970
-7476
4548
-3367
-2464
-5989
2418
-1413
3689
9992
8337
-8154
5100
4774
2118
-1667
6593
-1845
-7427
-5519
5832
1882
-2362
1114
-5102
2718
-592
6237
-8083
9510
-9572
4718
1554
6915
-5313
-2373
5110
-8963
8052
-4163
26
-5955
-4473
-5805
796
-2182
-2041
-7411
9442
9701
5656
-8118
-8936
5579
3009
2473
1598
-2889
-5680
-2808
-5912
1209
7716
7055
8564
6491
-3747
2732
6282
4386
5422
-231
5290
-8565
-8330
892
4326
-6327
-2107
5076
-8749
-4436
5330
-7950
-4565
6352
-9029
534
4216
8804
3276
6288
3909
4148
-2354
4617
2405
-8320
5607
3901
-696
-4041
6736
-308
6246
-4147
-7528
-6993
-2081
1485
6092
-3488
1653
5877
-9324
-9696
-8039
-5179
8820
9756
-731
6920
476
8623
3627
-5521
-492
1366
-8162
5858
-3619
-6580
-9131
7715
-1388
6764
6852
-9882
-9881
1225
1517
714
1132
0
2840
7168
3639
1069
-3774
3703
9812
2637
-7497
-9476
-7584
-7010
4724
-4417
7767
8687
-4818
-7803
8249
3312
-4875
6769
6337
7531
-7825
8053
-9704
-5799
113
7624
9537
-7861
-9198
-5868
-5765
-5751
-2025
-8975
1636
8837
2860
-8602
5915
2623
-8373
990
-645
4587
3016
449
2747
-6761
6881
684
-3184
6222
3656
-8004
9473
561
656
4974
-5410
-2423
8002
7566
2744
8545
1147
1019
-578
-5756
8579
2341
-6349
-5936
5758
3562
-6787
3291
2867
2976
-5614
-2023
9720
-2793
4322
8986
8553
6994
-5808
8858
9968
4070
-8480
-2112
8206
3448
-6585
-4986
-3240
4104
8632
6117
8717
-3130
1916
2214
5234
-16
3063
146
-9655
938
3389
-1379
2561
-737
5317
-1783
6765
5715
-6089
-97
-920
6726
-9000
6469
-884
2323
-3196
8572
-785
739
7400
2779
4164
2608
-1604
5133
4758
-1514
5795
5687
-264
5159
-8675
-5270
-6811
8895
-6227
7729
518
6530
8954
-990
3683
1773
6891
-6320
8348
2946
-4011
-8549
6003
6687
-3409
2017
-5293
5643
-9275
-5314
9113
-8401
-5851
88
8370
2431
6805
-9019
-9033
3381
9836
8803
-5867
6674
640
6018
4426
-8978
9319
-5230
-8235
7441
-180
-1385
1092
-6928
-5884
6723
-8708
5928
54
360
-3325
7237
-9674
-92
-5172
9016
65
-9273
-588
-1583
-4706
8442
1607
-7717
3743
-4802
-2519
6285
1525
-9108
8741
4336
2209
-5685
-7509
2832
-5611
6139
-129
-2843
-7727
-6795
-6789
7752
5392
-6076
-49
4009
8136
-1306
-8402
6358
2821
-3577
-1721
-9190
2448
-4338
3911
1381
-1481
2795
1386
6443
-8068
-7532
6460
1832
-6902
-1294
5756
-5182
5603
1801
-5273
-3560
4196
3610
-2470
2494
5712
-5539
3410
-8458
-6870
-8316
9636
-6464
2001
-9345
-1089
-1876
7306
-309
5776
2508
-969
6066
6188
-5453
9657
-5730
-8759
3127
-660
-116
9524
-4037
-6673
-8715
4677
6300
993
-3019
5109
9610
-8658
-3242
-4132
-646
-9589
6818
4143
2081
-9854
7930
517
6301
-5116
547
-4521
-9435
-3734
1465
-6392
2826
8357
2318
7766
-6464
-6796
-8
-2552
3148
-6651
-673
1944
-6824
-207
-1879
4281
-3569
2211
-3106
-3305
8538
-7358
2108
-9721
-4388
4436
-4486
-9754
-934
2024
5462
8621
-4571
-740
8140
8419
5841
1317
5092
-9129
-2403
-9934
-771
-8009
5837
-4429
6076
-2622
2041
-4878
-3010
-4092
651
-2390
7184
-2480
3303
741
5463
3384
6243
-2886
-1343
9325
3144
4803
-3237
-2635
6551
-8001
-2283
2621
555
-6186
-626
-4955
-84
-5176
3180
9079
-6774
-6493
2167
5168
1783
-88
-2686
-6194
-5395
-8477
-1405
8884
-3286
-8652
-6341
-3623
2300
6928
-4227
-9713
9116
-3878
1349
1557
-7891
8793
-5783
3902
-9196
6500
8029
-5905
-7438
-3536
5502
-9016
-7392
-4012
1384
-1277
-2247
5078
6432
6742
5805
-670
-1821
2209
-9834
4670
-6894
-466
-3264
-28
-7509
-4383
-3078
-9602
6965
-2421
509
-2558
5280
5709
-4472
-2047
2313
-8524
351
3156
-2019
4847
-5848
7700
-1343
7794
-6195
-9812
4078
-6705
-3813
9275
9011
7078
-5268
-601
3458
4598
7909
8391
6775
-785
9895
7876
6972
-807
-5550
4246
1596
-5422
-6904
6084
4821
4338
-268
-1115
-6619
-3979
7690
4945
-7010
2785
-445
4995
-6883
2318
-8705
9306
281
8534
5963
4009
-6802
-8899
-6079
-6300
4303
8590
7658
-7389
-3221
6824
-256
2750
977
1835
7123
3989
-31
9139
-4978
-7874
6553
-7530
-8673
-6823
-2645
4120
6171
7771
9489
-3519
5825
7889
-6642
3543
-5879
-7185
-2760
-7806
-3718
948
3830
-5557
2510
-2930
-5720
-314
4675
-7299
-2943
5516
4112
-2436
-4911
7159
-2597
46
5086
3023
9786
2057
-7067
6225
6664
8520
4329
-8247
-5929
6845
-280
6654
5888
4458
361
7179
8719
-3038
8118
1137
-6845
-8772
8934
-1104
-7944
-3209
8524
9183
-9397
-8462
-2036
561
2353
6882
2540
-5629
8688
7741
7473
5945
-5166
6267
9616
6032
4602
3242
-3105
7733
2271
9263
7926
7266
-4847
8078
9209
-2034
-466
4341
8898
9907
-9777
-8296
-6257
-2871
-2385
-3396
2335
9525
-5657
-8358
7256
-2020
5104
-6894
-2683
-3122
-4744
7955
-5130
-8646
-3271
-8334
-5737
5117
8873
7781
-9532
1896
8858
-9004
-7263
9153
-8158
7078
719
-681
7959
3312
-7418
-7225
-1854
8942
642
9663
9115
-7886
7478
4315
1696
-3257
2443
3371
-5046
-1946
3339
5338
-2351
-3755
955
-4253
-425
-9108
-8716
5275
461
-7304
-9243
4785
1083
-9662
-8260
-6364
-745
-3852
-616
-9539
-155
-106
-9504
-2256
5112
-9208
-7507
9640
97
-8340
1324
-2906
568
-5888
8602
-866
-3876
2982
-655
407
-1715
-7876
-6785
1080
9235
-7014
-6132
-7686
4512
-2277
-3638
4943
-6808
-1522
-5516
7914
1175
-2905
-5278
6606
-7308
1167
9302
-9539
9786
-9861
2782
-1571
-7837
-8995
8026
-3565
-9117
-8888
3680
-4004
3243
-1552
-6773
-5120
6825
6330
9305
3807
8555
-7774
-5276
8136
-4545
-1429
-118
-4110
-7965
5981
-4019
7601
8376
8797
7564
3463
-7179
-9664
9576
3216
-7689
-7420
7796
-8452
-5046
9882
-9339
-7626
-7523
-1402
-7746
9628
1384
6413
3975
-6550
-9715
2297
-12
9660
9285
8348
4295
6886
-1287
-7822
5402
9213
1221
-441
-8475
8793
-7893
-2401
227
-1092
4334
-8617
-74
-5366
-9801
5590
3003
-3468
-8505
3791
-9729
-7096
5716
-8128
3828
2970
-5330
8053
-952
-8910
-2797
6364
-6502
-2127
7642
-9456
-5187
-8258
1757
6954
3671
-6889
4364
-6500
-9338
-6533
-6373
4165
-3581
-3402
-4472
-487
-5965
-353
8990
4194
1168
-5452
-6275
-8706
13
-1956
889
-759
6696
-103
1407
-4770
-8582
271
1313
-4572
-1808
5011
1313
1240
7612
-3982
2973
6916
8240
9891
2942
8190
-6233
5691
-8758
-2793
5076
-559
8519
-1914
3807
-5157
2382
6512
6490
4031
-267
138
5311
-3273
2838
-8289
-1536
-8464
7880
6978
-201
-8736
-3566
4977
3704
3797
-9081
8871
-1841
7077
8667
1875
-2628
6756
6545
5676
1922
1755
6581
6693
-902
2383
-7610
9104
-6647
9232
-1578
1448
7270
-7211
8011
6884
1153
-6055
-492
-3494
9487
-3643
7812
-2055
-4288
-462
9286
9206
3016
7035
8603
-5312
-4472
-4860
8900
-7932
7473
-902
-3054
-9189
7474
6524
-5137
8855
4007
4912
-5782
-653
-3460
4633
-8650
3454
-6414
-6337
-8214
2387
-229
-2871
-4154
-6254
-7381
7259
-1628
-7281
-1057
-217
-2743
-9253
7353
9367
-9326
-6228
-1212
9048
7896
-2579
-788
-261
2052
1160
1584
8273
3293
7649
-3283
-3105
5959
5217
4524
-1795
1984
5791
3701
8596
-9309
-3454
-858
7856
-788
3503
-5556
5841
251
-4951
4305
-5514
3950
4809
2384
-3513
-2455
-9555
-9186
-957
-3617
7903
-122
414
5156
-6129
4105
2001
4481
2864
1851
779
-1708
559
4770
-4130
-876
7951
-640
-4719
6048
-1754
6643
-9356
-9346
-8095
-401
4181
-3079
3737
2875
1635
8059
-9422
9277
4377
-5637
2940
9591
-7958
-716
1431
-2838
-9701
-1727
9882
7925
-9954
-1038
1683
-5802
-1890
-5078
614
8181
4500
-5775
-9913
2755
1594
-1958
-6489
1625
-4898
6117
8593
-4919
7509
-1352
9523
-1756
-1412
-2780
-3439
8491
840
-4671
4560
6607
-8514
-6463
-5530
-6238
-7913
-7022
6272
9046
-5917
2811
-8001
4109
-7618
4164
-7943
-1652
3565
6201
8527
2124
8274
-7505
-6358
-5960
-1700
-258
-5161
-4663
-4774
-2210
-8294
-849
1454
-9249
6247
214
3858
-1583
708
7133
5100
-1411
8029
911
7360
-1212
-7042
3876
3157
6144
-4094
6296
5262
-5063
8679
9120
7897
-7823
2723
-750
-1763
6072
7355
8044
-3661
-9240
-5200
2594
6839
6154
-1643
5561
2692
3783
-7723
-3262
-1498
1370
4451
-5390
5961
8322
-9441
3431
5764
8933
-1437
9280
-5447
-2277
-4958
5999
-1100
-9289
8034
7066
-5295
-5987
-9202
-8036
-6489
8255
2171
-1970
-8281
-4274
-4950
-1935
2849
2466
-2521
7287
6309
6187
1097
6349
9707
-1908
1668
-8545
-4025
6128
7093
8041
2553
-3871
-8199
-4183
2429
-6170
-7947
-4886
-3336
-9513
-9246
-3550
-8226
2230
-5584
3409
-5288
-2602
-2109
-7509
-8404
-980
8846
-2949
6044
-8360
-6139
5504
9932
9883
1650
2883
4027
-269
1035
-5175
2328
4192
9996
-6434
-6450
-8201
-3715
534
4453
727
-9186
-235
-7130
2755
9281
-7539
-2671
5204
4982
-3396
-7342
-2122
-4156
6356
3180
-3319
2310
-6826
646
2027
-2891
-1097
-324
8631
-9496
-2185
-2076
-9988
343
6262
16
-1307
-9625
8649
4520
-9442
-9080
5954
-4568
-1764
-6179
5455
3929
-5247
3738
-6852
6706
1697
6893
-837
3766
2359
-4598
-1600
-4795
-1289
2908
-3264
-6925
626
9748
7680
-7885
858
-4411
6252
-5973
8805
-3584
7574
8399
-339
7162
1045
-438
-8231
-9992
9067
6744
7796
-3181
9086
-5475
9646
1236
-6652
-4447
-8134
8347
5945
7652
-1793
4337
902
800
2941
-4049
6148
4961
7224
3429
2914
-4948
-2051
4182
-1082
-9229
823
-1413
-5732
3614
2323
-8915
7013
7769
-8801
8368
1678
9462
-3337
9114
-5817
-1093
1725
-5853
-1632
4269
3800
-4859
6739
8918
4121
-1799
-431
-9042
-8387
-4289
2871
1252
-6478
1683
-9963
3183
-2576
5125
7064
-2538
1130
-7055
4528
3381
-2940
-4292
-9515
945
8313
-5088
-7694
-6832
-580
-8897
5292
-1125
5511
-7163
-2041
8071
-2702
1273
9632
-9684
3894
-7133
-7465
2549
-1747
9077
7154
3381
-8901
5074
-5975
3392
-6754
-5601
6643
-8695
-1962
-6456
-4458
-3034
1662
413
-6899
9711
-5347
4078
3712
-1078
9510
-1041
-7809
-1410
8038
-801
331
4347
4114
-6792
2943
63
4607
1685
-2515
-8016
9026
-4813
7259
7781
-8140
-9886
1752
-309
-106
-3760
2458
5629
5803
-8609
-6633
-2190
-7210
-7865
882
-1735
-5922
-3700
5599
-3604
2971
7466
-3182
-2730
-5865
7212
3684
-7653
-3400
3008
8959
-6555
2512
9171
-1662
3119
3209
1674
6432
7748
-7859
-7522
7142
6227
7066
6715
-8368
6220
6601
6355
1092
4346
8150
-2651
-9153
8985
-1210
1032
2868
766
6065
-4983
6418
-2105
-8012
-6844
-6209
-1989
-6270
297
-1623
-9325
1983
-241
-2376
2225
8511
-7342
703
-7701
-3180
-4200
9744
5343
-1164
-5152
8304
-8155
5751
-3785
-2440
-878
4412
369
-9279
7278
1880
-3722
-1966
-9767
343
9199
-7966
7735
582
4868
-6395
-5382
-2172
4302
-428
6692
-8596
6249
-8799
-1834
221
1350
-6390
-5082
8887
9551
5809
-5703
9599
-632
-2280
863
5177
-6373
-1744
-6798
6000
-6748
-9324
6987
8445
-1223
-5535
-9121
4063
-9219
440
-3502
-7908
1744
7944
2364
-7404
-3825
-966
7340
-1588
-7350
4589
-999
-1851
3401
6668
6089
7454
-3694
-8951
-2018
7247
-7356
-1
5307
-3413
6616
-4506
6725
-6258
9509
3290
8070
-5856
-3202
-3784
-2069
3627
802
9650
-4306
-558
-4736
-3364
-6548
4852
5478
3594
-1602
-8815
7033
3840
8198
-831
-4524
9404
-5461
3508
4338
9541
-3826
-3540
-5159
1764
4529
7992
1148
558
421
3051
1462
8199
2230
-5270
-8518
-5191
-4165
1684
-4547
-1468
7235
-582
-5392
6831
8032
675
-3991
7817
-4215
4060
-4480
7808
4478
-8277
-9348
1634
-309
9797
-9544
361
-9563
-507
-8312
9568
335
2181
-2037
4810
-6751
1034
7102
3218
4069
1709
7873
-7937
-1221
7722
7219
-9043
3558
-5928
-3980
6807
4835
9524
-3404
99
2986
7217
-2694
-2891
5960
7441
-5871
1650
-8522
6809
-5007
-7120
9553
9824
-7825
-3448
7051
-3572
-8756
7626
2988
7155
2818
3266
6884
-8233
-2803
7368
4491
8413
-32
296
7295
1501
2291
8321
2146
1772
-7127
6781
8854
7867
2161
9543
1041
3054
-2515
-188
459
-5101
4431
-3465
-325
3400
1178
-9803
-1457
-6297
8994
4194
6426
-9861
-9235
-8247
-2688
-5620
1468
5382
5496
-1619
-2138
-6072
-4305
-1695
-433
-1759
257
3046
-8343
5083
-5927
4519
-4561
-8879
-3127
-6849
-5809
-9401
-9995
-5737
5878
5662
-7322
-4171
264
-2207
1781
-4232
8135
545
-7250
7904
452
9664
-6120
6435
-3326
7642
-8084
-1523
2581
9678
-2253
5398
-6119
1478
498
-7034
3888
7504
9555
-5371
215
2111
987
2579
-4632
8717
-6568
2564
-5828
-3775
4233
-488
-5510
-8499
-2198
4085
-1372
-3325
-1739
6731
6934
-5513
5702
2176
2779
-9004
-5922
47
-8558
-1171
-8956
3320
6377
7687
3594
9768
5871
3305
6730
4334
-1647
3441
4917
-1102
-9093
2318
-6556
-6317
3537
-2033
-8798
1778
-4976
-4026
-9954
-3827
6490
-8769
-1971
-7511
9968
5034
-3326
-8896
-9794
-7395
6540
-7241
-3458
-6351
-6628
-2859
-6852
9020
-8788
3291
6327
4169
4117
8399
-2568
-9089
-4294
2092
-9436
-6416
-5325
-861
-245
-7081
137
2962
-5315
-6312
-8512
7637
-4211
2889
7157
-3520
-518
7070
-699
8568
-8678
8080
2715
9787
5465
5460
-2469
-3386
-6261
-3610
-4894
-9326
6287
4422
211
-7696
6057
5103
-4205
4772
2412
-6923
-3349
3907
-5421
-6618
-9537
8450
-8445
1133
2428
-7293
5429
4575
-3178
-3079
4171
2904
-7270
-766
2092
1165
7975
8368
7204
948
-7813
-1267
8626
262
7899
1227
-7937
-5640
2671
383
-2337
-3570
-2938
-5661
5400
-6939
5334
1429
2038
-3494
397
-2075
-6971
-8605
-6723
1295
-1436
-9827
6293
4963
567
4685
-3126
-9998
2124
4326
8757
6681
-3147
743
-9982
8941
-3895
-2119
1442
-5617
2319
638
-5886
-8646
-7170
9409
8106
1459
5482
-5940
4897
9521
8569
-4285
-8212
-5829
-4418
7294
-6124
4107
-539
-1943
-6123
-3839
-8065
-3592
612
-9224
4624
-3648
-8223
-2747
-3264
1559
-3266
-2203
-5138
6950
5991
5421
-6012
3866
-4567
-1243
-7981
5735
5102
-6284
685
5406
6875
-3341
-6494
2291
-7306
4830
-3782
-7609
9754
5477
5352
-9036
-5194
-8571
-5579
2962
1058
3129
7750
2601
4741
-4941
3644
-8266
-7370
-4466
-6750
9338
-8485
6032
-2356
9496
-9412
7577
-7883
9523
7270
7391
-2796
4597
-7430
3720
3498
-9562
5418
536
-3102
-3388
6849
-8386
9335
9830
5139
7300
9049
7410
20
-733
-879
3593
-1582
-798
5074
-7449
5316
-7780
-6978
-9828
-8704
-2053
2007
-4441
7700
9710
-4737
8402
-7658
-3657
7612
-839
-4740
-1003
-4756
-7040
-4861
-7105
2976
8949
-1362
7987
4661
-6740
-8119
-8895
2420
-1666
-8749
-9762
-6789
1202
-2363
5061
7226
9343
-4264
5271
5323
1353
9926
-7894
-982
-6809
-7426
6864
-6582
-5447
856
5063
-7333
2408
-9629
2442
2868
-4824
9596
-1923
-2635
-3483
-2192
1122
7644
7880
-2495
3841
-3488
-2098
6129
-7272
6327
3795
-4991
5215
-9174
7572
-463
-904
1378
4619
6764
9845
-1495
7038
-4296
-1239
-3654
3762
-3257
-2990
9952
-6127
-4993
-4150
-5150
-404
1308
-26
7914
-9083
-8523
-1333
8195
-1058
2404
4913
598
-2064
2766
1009
-6974
-3742
-5402
9950
618
-5439
-2963
-7515
-8329
8403
5229
-823
-9071
2691
-4814
7080
-7925
-6846
-6112
-7034
1629
2552
2575
-2841
9293
-7302
5949
6267
-9988
925
5029
3434
-956
-5305
-496
-6090
-7941
-1677
3666
-2746
-4369
6388
-4390
-2515
-3864
-2381
3048
-6983
4828
-2267
6892
-6630
1410
-6188
-3913
-515
7382
-1261
-1156
-7468
-7909
-7212
2609
-4337
-9174
-6643
4937
1238
-6156
8307
7976
-3627
-6996
-6643
6151
-8575
-3757
-8135
-3672
-7424
-5343
8005
1565
1747
2628
6060
-3251
-6167
4183
-9598
-3333
-6865
-6986
-390
8765
-8873
-6708
464
-8824
5483
-2440
1977
-9715
-8624
-8774
1774
-9705
-7702
4785
8236
3425
449
6054
973
2978
-8294
7850
5310
-9977
-7303
-3880
8107
2896
1930
6380
-1914
-5081
7232
-6689
9419
-2312
-753
-5723
9208
1231
5541
4719
5938
-5107
2300
4205
-8529
9219
4510
2107
740
1149
-5822
2632
1369
9752
-1063
2576
9263
7433
8796
1979
-1232
-5074
5958
2311
-6423
9402
-7280
8844
8506
363
-6982
8742
3344
6697
-6362
3100
-5908
-6935
1330
-972
-8519
7199
-6699
-4062
9223
-5533
-2428
3376
7000
-4307
6125
9346
-9615
1426
-988
-2371
1056
-3862
1605
-2898
1276
-2705
7573
9287
6208
-5890
6294
-3877
8808
6313
-210
4350
5802
-1619
-9658
3817
-7013
-1796
274
-291
-8303
-6454
7661
4719
6965
6936
6976
3634
168
1724
1820
-1349
-3676
-1250
-5489
5555
-8135
-7168
-8247
6257
5569
-8260
-4982
4543
-9544
-3536
-5722
140
-625
-9482
5072
547
9102
-2896
-6138
2827
9163
-6755
2306
7800
-4888
-5221
-1123
221
-4263
5328
8329
-934
-1228
-9011
-1102
5887
3366
8566
-322
-8013
5540
-293
-9922
-3371
4067
-3581
-7213
-3936
9586
-9495
-8583
-6459
1573
-2543
-8079
-7162
-5151
2045
7348
8964
-2667
-505
-5416
6967
-4371
-9626
4056
-784
-6017
-3543
-6735
3176
-3631
-5594
1997
4265
-623
3569
9630
1176
8396
-1554
-7666
4840
-683
8516
-1298
-2214
2796
-2356
-8596
7753
2571
1413
3141
-5265
3306
7568
7085
-68
-6168
-6364
3885
4112
-3160
4854
9376
-1914
-7278
2211
7109
-5902
-1735
2940
1663
3404
-429
1312
-4148
8093
-5704
9237
-8958
-7902
5721
7393
-9623
6361
6320
-3795
449
7159
4308
-6137
4180
7257
-9665
-8618
2573
7162
5176
576
-6457
-3050
6204
-1628
-425
3600
-1175
6827
-356
8398
8033
-773
-4090
-66
-1644
460
-3665
682
-923
-5324
1910
-6552
9547
756
-3945
9769
-2037
-21
9471
2806
8526
-6113
6700
9366
-5772
-3403
-1302
-7506
-6504
1954
948
-439
-9590
1203
9626
9967
2300
-4147
-1773
-2031
8695
8165
3025
3899
5802
-4737
4600
7652
5752
3944
-5652
-7839
-8149
6049
9472
-7947
494
293
-5076
-2913
-9131
7882
-3007
-428
6329
-8152
5022
8555
4715
5947
2443
9708
-8212
-3960
-7275
-1340
9677
-3482
-8686
2172
-8129
-6137
2182
6445
-7833
5767
-5654
6468
-9097
-1644
7488
-4109
2274
2513
4019
-1582
7348
-7570
2845
8883
8107
-1364
4072
4028
967
5834
-7091
7222
853
-203
8686
5551
9725
7352
-4255
4460
-8862
-9565
1350
-3574
-7657
-3287
-5860
-7978
8194
-8042
-755
-8044
-3372
6817
-766
7683
2764
5172
7207
7975
2550
7734
9993
9313
8327
1858
6592
-1567
6080
-3708
8099
-585
4691
-6018
-6192
-8033
7233
3895
-7670
-7051
5877
-2338
7573
8122
7598
-5411
-984
2339
-6633
5066
7712
4005
-1102
7677
-1535
-8046
-7211
-2319
2390
-3206
-8734
-9672
2364
-103
9920
330
-9874
7922
-4344
1717
-7804
2559
-8833
-9032
-805
-6199
-6629
-7187
1718
-6076
9927
4188
-3011
1746
-3668
-3547
6793
7440
-9047
-903
7362
264
-3297
1996
9973
-549
-9561
-1749
1056
4571
-1544
5033
4765
6866
4472
-800
-2580
5886
9590
-6943
4681
9799
4512
-9611
-425
7616
1548
8846
2502
2567
791
-278
-3482
6328
3235
-7196
-7158
-8319
4908
-2725
8042
-2369
7910
4259
4138
5148
-2449
6860
4909
3153
5094
7083
2578
-5811
-1063
5661
7875
5061
-2137
2531
3084
9900
4594
8644
4670
4557
-4619
-641
-7015
5096
1203
-4470
5786
-4078
-7143
-530
5175
3288
-2460
-6771
518
-1023
4803
-4806
7221
-4192
6459
8846
3427
-6372
-973
4335
7264
4579
-6119
-1762
-205
2793
5390
-4274
-5971
-1512
9501
-6190
61
8581
2181
-4203
135
-6350
2202
-2521
-7879
2200
1416
2696
-1822
5512
8032
-5552
534
-4134
-2315
6781
1664
-7462
-2100
6010
3084
-6436
-3573
-4299
-4728
1066
-1906
4475
2739
1008
-3580
-2243
6076
2569
5951
-3896
-6335
-3175
-1318
-8327
-2850
284
-6684
2868
-4308
6200
-5802
-5028
-7238
3739
-5343
-8899
1906
2562
23
-7661
1009
-1218
-318
-3662
5122
3660
9529
-7160
-1638
-7903
2871
-9225
-6059
-2341
-4628
1294
9840
-1152
8058
1171
4501
-876
1504
-1853
5308
-6400
640
5088
-9792
5174
6516
-2062
-5218
5238
1353
4903
9583
-110
7859
-200
-7039
-9674
-4449
-6201
7668
998
-9486
-7152
8558
2926
-4456
-9796
-9327
3957
-3532
-3622
-4747
4812
1227
480
2401
-487
5492
6151
-6670
2913
8552
9125
-8309
-7503
-9120
-7059
-1569
-6491
-1274
-4663
-6400
8706
-6514
303
-5179
-2645
4009
-3974
-2353
-1950
-8909
4422
6383
5903
9507
-3910
-2702
9807
-6725
2784
6078
-5777
-9956
8128
-9652
9633
2023
-8346
-2365
-2277
9342
4767
-9985
9739
4559
9203
-2778
-7836
8591
6827
-918
-6047
-4600
1495
5914
8626
-2088
7827
2463
2380
5524
-4699
-1002
-4814
1494
-7645
4942
963
8366
1799
1623
-9341
8965
-7305
7703
-8312
1685
-3007
-9247
171
-6165
-8533
-7841
-2306
8509
-9890
7058
-8591
-2129
-7769
4701
-6316
-2314
1971
6397
-5887
9012
3417
-5160
-6323
-6285
-2913
-4898
9812
9195
-8938
-5271
8031
-9812
1228
-5030
-1374
-4848
8950
4650
3774
-4768
-4172
-2741
-1607
-8500
8405
-5544
5543
-3458
5816
-210
9731
-7235
1469
3962
6919
8811
9088
-1295
-5895
4974
-520
-1462
-3935
2469
6800
4494
7937
2415
-2676
2002
-5942
1373
-7685
6690
-8385
-4698
-9916
7136
-98
-2359
6300
-281
-7488
-9105
-7521
8952
3272
-7741
5250
-9481
-1770
1851
3903
6770
1518
8210
-196
2812
-8939
2414
7565
8740
338
5918
4750
520
-5946
-3349
1558
4381
-3938
-6312
9633
-3547
5543
556
-9317
1642
5186
1227
-1992
4239
8257
3937
-6915
6494
7640
2827
5088
-95
4807
-2522
4074
-714
606
1710
-8944
-1181
-5712
-6864
1323
3351
-4695
-399
-427
-6864
7284
-9065
525
4962
-4490
7204
7453
-1769
-5323
2807
-5264
-5109
-3661
1118
-7955
9585
3324
-8228
-9617
-8628
-7768
1918
8544
9836
7912
9293
5120
-5855
9694
7696
-2389
4994
3102
-8567
3232
-8733
2045
1919
1387
4607
5582
-2672
2090
-1609
5633
-767
-6177
5434
-250
8233
1129
-5750
707
5121
1889
1461
-4861
-8479
-9730
7954
1376
-2703
202
-6669
7368
-8432
-7971
1154
-5994
9811
-8201
5040
-1990
-2293
3313
5840
1600
-5858
2627
-9196
-9972
5157
8055
2983
-3640
969
-6653
4708
-8610
-7446
-5768
-8111
-8474
3160
9276
-525
6317
6406
-2043
-3660
-4919
4865
-6712
-4191
3958
7715
402
3092
5790
-9079
8182
3230
-9439
-5392
-5106
1430
-3426
8849
-2089
3203
4891
-9327
-7805
9744
5564
2541
7233
-1013
-2532
-7963
-9967
-4098
542
-730
9553
-8038
642
7526
-2079
3912
8985
-8582
313
-8302
232
-5542
1556
7298
6273
4982
-5298
-8612
-705
4490
-7486
847
-9700
5962
1367
8303
8521
-8618
-2517
3890
6669
-4443
450
4463
2105
-5460
-7534
9751
9755
3093
-8137
9036
894
7576
8832
-4379
-2668
3297
-7361
9109
-1760
-7654
7961
5995
6734
3207
-2756
-645
-5451
-4790
9504
899
-8543
-8537
-4806
-7240
5110
9150
-6438
-668
-5494
-949
-8826
-7575
-2571
-3245
6380
7969
1191
750
7052
3035
-2674
2155
-6962
9340
1503
-6575
-5425
8795
-2781
6724
3668
-3071
-1988
-1589
255
5759
9761
-5728
7152
7498
-2617
5922
-4582
-1569
-1492
859
-4561
-1157
-3717
405
-5005
4226
9275
5220
-1862
-2992
-9241
-3210
1401
-2767
-4329
-3335
-3298
7905
-4859
8722
-8279
-9104
8122
-7675
8407
1118
1487
-9419
3302
-7345
-1100
8037
4241
-342
-954
3560
-9330
9495
2877
-4626
-298
-9379
-2488
8490
-8916
-3868
9473
5392
9010
4328
1623
-432
7003
6265
9174
7216
-602
4456
3474
-5465
-1173
5987
3828
6819
2223
8477
5641
2178
-7537
-2725
549
-9063
-9480
-7877
-8654
-4271
5729
-1529
-198
-8482
-8338
2974
3585
-7279
-8470
-3738
-6237
9033
2264
-5628
7119
2874
-5060
8710
1431
-8972
-1007
-9306
-9433
7064
-3422
-6883
4993
-4830
6516
7430
5712
-9015
-3838
-5893
-2997
-3004
4109
-3707
-5820
845
922
6663
-1280
-5067
-5909
-6331
877
2307
4677
3415
2399
1741
-511
7921
7883
-6636
3340
-255
-8943
5856
6588
864
315
-8898
1045
2469
-3537
-4279
-887
2242
7072
502
5154
1726
6247
-7762
125
9151
5636
8638
9565
2875
2909
-5162
4166
54
113
3443
2008
5814
6604
7496
2508
-4117
-6882
5538
9217
9003
1012
-6841
-6030
3644
-3516
7812
5959
8488
-3681
6374
-7229
-7566
1126
-6346
2927
-6219
-3398
-7332
-780
5577
2403
1655
4668
-7095
-747
-5093
-8101
9482
-188
5201
-1717
-2906
4676
1508
9960
-6197
-4444
-9891
3211
-2887
1035
5663
-1649
5314
1108
-44
1698
-6380
6095
6325
-4901
7685
3574
-8211
-2746
-177
5676
1539
8652
2249
4334
4197
7974
8719
-1796
9495
-5102
-1314
6243
551
6308
9928
-5106
-1411
-4070
-6138
-3174
2081
-5186
2158
6233
-1344
1609
8263
1742
2686
-8645
-3236
4672
-2157
-9793
2664
-7885
9713
8053
-3281
-1929
-6481
-1537
6056
7814
-8581
-3522
7828
2363
571
-1855
-3277
5060
3680
9346
7689
6954
1997
-8645
2803
6033
-1781
5403
-4882
2998
-1149
1957
8452
-3075
-8438
-3621
1726
-5763
3311
7785
-2560
4802
-7453
-154
9926
-5055
648
-7436
6138
-2707
-6751
4595
4177
-9150
1505
-2794
5781
-7329
-601
2384
6412
2984
-9843
3904
7339
-2533
-4481
3973
8731
4497
-8967
-9211
1596
-3344
223
6141
7724
-2946
-2332
-3624
3180
-7579
-2369
-3565
5192
9526
-7133
-4325
-5540
7440
-4039
5579
-1703
-5138
7369
3543
1420
-7307
-4970
2063
-1510
6421
5353
2288
74
-6093
-6602
3588
4124
-9036
2937
6726
6047
-1196
-5714
9820
-6374
7897
-2298
8133
4905
-737
-900
3182
8383
-1890
-3831
4644
-7400
944
-4238
7681
-8241
-8388
660
6319
834
-5539
-873
8806
6223
9012
-3286
1187
2206
3447
-616
7306
-1296
5112
-1432
4400
-3465
6164
-9974
5350
8316
3810
-1349
-5263
-240
5572
1859
788
-4792
-5829
-9921
9997
-8519
952
-8665
2971
-435
6807
-7235
5939
4702
-5564
-5127
-6071
4028
-6815
1760
-7266
3723
-7357
-1816
-5389
-8711
4486
8196
-7934
-5948
4585
-6310
-2845
1872
-1989
2823
3852
-6952
8986
9253
-4700
-3260
1030
3111
-9308
-8739
6409
-5242
-1902
3812
3937
7275
8360
-1388
-8696
-3098
-5807
6877
7224
-482
-9065
-8978
2681
251
9922
-735
8505
-3600
-3625
-7694
-5706
-4594
7877
1107
6208
-4151
9814
3133
790
450
-3589
-8450
-4878
-8100
4482
-2348
-1507
-8654
8060
8822
-6364
-1493
8891
8382
4903
8426
-7099
6579
-605
358
2443
-8550
-8102
-1646
9717
-1605
323
-5564
7256
-6880
4206
8306
-4598
-4181
-8777
-2708
-2876
-6421
-2951
-2211
3014
-2655
-7633
-1828
8210
5239
38
2584
-4541
8978
5551
-7261
8787
-5581
331
6535
-2269
-3246
-5530
-4512
2197
2458
2861
8245
-9226
-9983
-7459
-7954
-8981
-4713
-9379
5067
-1410
2742
4329
-1372
4765
9046
7146
5422
8781
8441
5211
-189
-4511
368
996
-9708
1995
4280
-4609
7455
2712
-3973
5075
-5485
-4603
6642
6432
-4999
4117
-490
-4793
2744
-6228
-1856
4325
-6454
-1391
9359
-1619
7197
6319
367
1280
-3098
7740
-4429
6222
-2848
4729
1828
6175
8434
-4177
-1179
-6103
3794
-7804
-106
-9452
4015
4073
6760
-8023
-9635
9909
-5453
-3570
6676
3351
6834
-1482
1915
-7562
-376
8840
1337
-9908
7259
-2168
-2145
-3183
2271
-3338
-8552
8552
-4541
-5541
-6164
762
-6475
8709
-3235
441
6633
-8549
-9992
3903
-8136
5676
-3787
6564
3639
6379
127
-6982
5877
-964
-7002
-4343
1354
8464
4600
7351
3445
1480
-2571
8805
3436
3591
2152
-2956
-3861
1676
6356
-7791
-9135
-6443
6940
7516
-162
1815
2628
7014
-4164
-4428
8006
1362
7953
-1166
7683
-1914
-1689
3200
4143
533
-8739
8333
5455
8723
-3765
-9017
-9555
5685
9446
-6208
-9176
-4316
-4927
8598
8118
-7687
-836
4264
6575
989
-4828
647
-9782
1187
-2657
-602
3103
-7629
-8663
-3409
-5136
2491
-8392
-9148
-6260
-2074
7637
1148
-5863
-7030
-9984
5888
6663
-8961
-8743
-5901
9275
5774
6578
-7636
-3239
-4047
8494
-3114
2288
-3551
-1781
-5434
5114
7453
4041
-693
2708
5724
3256
7456
5494
1364
-8511
4817
1944
5839
1808
7854
-908
3228
1470
-9879
6183
-3390
1546
-2073
-5735
9466
7916
5670
2013
-931
-5463
-7641
-1155
-756
7141
-1408
3366
-1766
-7105
-1602
-2876
4504
17
-560
448
-2524
-5350
-3452
-1892
5388
-6815
-539
-9989
641
-8644
8380
-147
61
2315
-8002
7181
7212
-5088
-535
7492
-8486
3658
-3735
5044
-7669
-655
3453
-1347
8912
4278
9543
5912
-6969
-9489
9659
-3947
2020
287
8973
9732
4665
5930
-6979
-8166
783
4253
-9332
1410
9696
-144
5607
-3946
9153
6740
3528
-2397
6698
3622
7544
-1648
6623
7055
855
-6207
-9488
-3681
-5523
-936
6561
-972
6386
-7226
-3197
3146
5285
-1409
8443
-4745
5623
2853
-422
-3548
-9341
3711
-6495
1862
-8230
2122
-2454
1938
949
7686
6531
-7109
-4215
-4699
2835
3653
9523
4324
3943
-7233
-9092
-4423
-3010
3711
8323
3501
978
-7490
6275
6862
6790
2812
-8251
-1777
2383
3327
6942
-2014
-7500
-4807
-3785
3538
-2815
4699
-9906
4357
1012
1709
6487
187
4024
2400
9208
-6408
2934
5296
-8509
138
4948
-7808
4672
7721
-510
6184
5693
2671
879
-6632
-2406
-4670
2996
-3062
7389
-1490
1277
-5498
-410
4330
-4387
8116
-3924
8808
8189
9143
6945
1340
-4298
6659
-7186
1604
8412
-6576
-9065
-4997
6794
-9200
-6800
3771
-9279
-5483
6391
4127
-5372
1066
-6524
9483
-6227
-941
-6576
8191
1091
-43
-1024
2278
-1503
4443
-3978
-6210
-7479
2278
-9539
-5474
-9913
-250
9525
6276
-5201
3234
6394
-7671
-443
-6538
-6323
3652
-5168
151
6743
8489
-5481
-9041
-7781
-8769
-8064
5521
-8859
9249
-9440
2425
6676
-2037
6524
-1246
2838
-1647
7529
-9388
3249
6482
-7709
6606
-8149
-6138
-504
5161
-8331
5016
461
5547
-4470
-9993
-129
-8880
450
8835
-433
4662
7558
-6870
-6829
8015
3588
9394
9670
6637
5511
-1306
5559
914
-4563
-3948
-4767
3195
2119
7590
-3004
-1108
-2179
-5389
126
-8132
-1579
6295
-1944
4212
3041
-2159
-2016
-1309
6820
9849
-8778
7210
-3624
4141
-8933
4164
1769
8023
1825
7077
2067
-6296
-8250
153
466
6636
1942
1587
-2702
-668
4649
9900
6414
-4012
-8898
-4378
-452
3216
-6525
5130
8401
-5029
-2406
1616
-1003
-9576
-9880
544
-9703
2584
-1820
-547
-602
5785
-290
3392
-2518
3376
6766
5289
-8886
-1293
-9270
-7122
2804
-4726
-8001
-5803
7617
-2621
7290
-4159
-2700
-6926
6323
-7128
1373
6029
9834
486
5125
-6528
-450
9785
8989
-7396
-1536
9059
7458
-381
-1461
7162
5622
8263
-2687
-7169
4274
-2474
-1216
-8104
6475
-4657
4232
854
-883
286
-7625
-4725
-9291
-6648
4536
6304
9110
-7969
-3563
-4081
-2978
-7222
3345
-1970
-3610
-84
4549
7292
-701
1159
7023
5451
-1733
-7741
1754
8655
-4654
-2139
2989
-8361
624
-8952
