-5783
-7364
-4828
-6724
1919
5494
-4154
5943
5776
-1119
-2013
-4731
-5234
-346
7078
-6115
7053
4361
-4778
8726
-2114
-5599
7431
4971
8543
2260
-8117
1583
-140
-795
-8121
1606
9190
9891
-5067
6177
-1103
-7817
-5308
3476
2766
-4742
9823
-3601
-4790
4374
-4506
-3703
9060
6049
-5354
-8987
-1076
9828
616
-5526
-5685
-9237
-7139
-9985
4321
-6010
-9325
8136
-5808
-9044
-37
-8953
-765
-5683
466
-6621
8776
8317
632
5834
6856
-8127
588
1819
-4152
977
8572
-6770
-9847
6798
-8089
-8655
715
-7075
-906
-1212
9302
3300
793
9301
-6929
-7189
-9153
-5682
1900
-8434
-6121
-1791
-3341
-5469
-1316
3984
2776
-4308
-5330
-5990
5635
8461
5654
-9123
7728
-3723
2339
-8932
-677
7942
-9242
-8509
-91
2852
-7704
-647
3646
3185
6052
-5802
2552
-8809
3012
7035
6076
-57
2433
-3193
-2337
-8664
2657
-4014
3137
-3199
-502
-8650
3231
2030
1428
-9610
2752
-9032
-9278
8927
5173
9834
-9328
-5546
8445
-1987
-4814
-2328
-1952
599
-5124
2885
-7800
9855
3967
9192
-8316
-7602
383
-3655
8132
-4808
-1461
-8253
-386
-2807
-5513
-596
-3040
4280
3953
4090
-9256
-3991
-4346
8900
-6467
446
-553
4111
-3381
-5247
7882
2834
6260
-5700
-7681
-1855
9002
-1474
4924
-632
816
6683
-1612
-4050
-6593
1503
1456
8542
2471
9927
7234
-6703
-9074
-6169
-4882
-7807
-1012
2993
-1660
-4981
1030
-3037
-9377
-1470
7009
7079
-8636
-4209
-2470
-8840
5538
-7787
1360
1367
-1608
-1193
-6189
4020
3500
1179
-9569
6774
-2023
6070
-7007
2308
-9791
9632
9136
8424
333
-1029
-7491
4114
-3403
-4812
7852
-2427
5646
-9106
8946
-928
9339
5316
821
-2990
-9556
1825
3991
-3772
-3344
9785
-2445
-7468
8064
-1775
2951
6437
-7975
1020
8786
-6790
-2740
-33
6810
-3607
-6497
6700
-7438
1668
8878
9134
-6014
-7956
-5155
-928
2800
4912
-417
-9552
6270
567
6361
2821
7480
-6376
3676
1548
-8955
8812
4997
9355
8037
-6510
-4331
9196
7580
1110
-8286
1957
3809
8954
-864
4883
58
-1190
2520
-7823
-5942
1943
5703
2737
9628
-2615
1133
3283
-7478
-1982
-5067
-3912
-8552
7798
-3144
3804
-1591
-9141
-6256
2702
7784
2706
-7563
7605
511
6811
1484
79
846
-2122
5491
1570
-5810
-9725
-4142
-9300
-4321
-2969
-8706
9445
-7719
5956
1490
-1781
-1800
4762
6632
-423
2573
-6344
3869
-4998
-3483
9742
-285
-7587
2058
4989
-6295
-9268
-73
-4102
-6174
2046
-9889
6841
-9228
-9203
-6607
6572
-6952
9907
6877
7014
-4519
8804
-397
-5838
4425
852
5021
3076
-5656
4809
6451
-4510
3134
-8840
1644
641
-3017
-7654
-8672
-7776
6229
-7460
-1765
8764
8016
-7674
-1027
-2383
2612
3504
2089
-571
5702
9428
-4220
-3453
8842
-4755
-5245
-9423
-8380
-7339
5634
-4390
-470
5199
-1927
-4559
-6481
-2609
-5906
-9192
-1553
2171
2342
6077
739
-5447
1264
-2003
-1855
-1003
2679
7297
-1731
7635
-8482
5719
1279
4368
-3693
-7116
-7461
8450
-9642
-3911
4810
4584
-8560
-813
-649
-5803
-667
9452
9883
-4218
2971
-4651
6540
-4555
-784
8458
-7037
-1733
2371
3208
9979
-7903
7617
-4137
6669
-850
-8219
-3387
1736
-6601
562
-6292
-2383
-6975
-8116
8438
726
-2576
-9963
6762
6879
-8900
6730
-3259
-9244
4486
8056
-3335
8581
5395
4097
-3475
-9544
2209
2423
2395
-1968
-8408
7064
2704
3229
-4717
-4178
3492
4678
-1170
-5455
-1279
7543
-8058
125
-7418
-2956
7245
-5970
-7245
-3347
168
-6509
-7638
-1050
-6889
-5177
3088
6889
-3387
-6403
-1986
6263
1070
2577
3396
-3209
-420
-2540
4360
4806
7769
749
8690
6519
6808
-254
4417
3394
4667
5974
-7047
-5708
8888
4179
6004
6549
7593
-9995
-6497
4585
3907
2529
626
2843
-4248
4080
-145
3464
-7769
4477
5182
-2428
650
-4480
9876
-7995
-5104
-9001
9776
-150
1768
1157
-1381
-7392
-4956
-7819
6735
5980
-8773
-9462
4350
-3837
-8393
6915
6928
-80
-9356
3843
-5139
-8613
-7731
-1377
380
9189
7806
-4187
3822
7964
-9216
-7819
2237
1654
3321
-5636
-6747
4888
4838
245
-5777
2081
-7651
-2257
-6590
670
6120
-5854
8370
1316
203
1894
3627
1078
-1711
9146
8572
-9426
-8351
9409
-4236
2201
9185
-5189
-2206
-3033
-4804
-2738
5526
6677
-8152
2134
6165
8850
-5045
-6305
144
7263
3440
5493
-1378
1623
3256
7556
-2645
962
8701
-8014
-4418
-6574
-5166
-8393
9421
3545
-1165
-9975
9416
-959
6037
-5598
-1824
-1374
5040
9930
-524
9602
541
-6495
-3061
756
-5219
-7309
-9074
-9421
9771
7752
-7000
5436
8946
2259
-770
-6483
4879
5206
-4544
4119
-4924
-1593
2871
4984
2686
-6797
3589
4648
5216
-4438
-2802
5386
9119
-8524
8385
-632
5143
9350
3693
-1389
-5632
1289
9627
-4334
-1765
-7148
3761
-5991
-4628
-8703
2612
-5326
7540
-3670
-8540
5131
1062
8571
-7274
-9011
8234
6808
4821
-5578
-7133
5555
3270
790
7817
2255
4714
-4494
-1814
8749
4035
-3944
-6842
3145
-6855
9519
3680
6023
-2247
-2115
7094
-954
-4743
1377
4966
-9142
-2587
-5100
-3877
-2440
-1711
-2937
1145
-8861
-3927
-6057
7135
7528
7807
-3151
-9496
-4625
7389
2431
9899
8599
8450
2931
4640
-748
5374
-5958
885
-4203
-9484
8539
-8394
-1358
4269
1343
-3189
-1652
-6433
-9021
9798
6167
1708
-5886
7336
7179
8736
3598
-2358
-5012
-8380
-6359
5969
2998
-3704
7902
-5045
7049
1437
8231
515
5578
8227
1107
5082
195
-3418
-1241
6730
-5215
-6109
7389
-1869
9929
-9201
-928
8239
3808
6706
7522
-1901
5868
3861
-1400
-3058
4526
3310
3619
-5284
1067
-8603
-5396
-5900
9742
2412
-1957
7350
-8739
-3600
1307
-1497
-3527
-4243
-8404
6067
-3074
3222
5961
4401
-9693
1101
9365
-1767
359
-9418
6508
-984
-7428
5237
-3241
-7365
5428
7271
6072
-8424
-5151
1053
7280
-2526
-3765
2640
-3832
9567
-2564
-4550
-4955
-9659
-3579
8922
3448
-9437
-7259
-5539
7848
-3755
-1823
-7600
8429
-7422
-7309
8612
3751
-1869
8986
-9103
-3834
-3784
-6184
-9058
4402
8821
2166
-4934
9574
7263
9334
-5961
-6748
1921
6751
8700
-9775
-6629
-1041
7790
5071
-4975
-3021
-8261
81
3902
-3880
-1789
-4139
8401
